0.880355814881788
0.901046826923753
0.549919897480831
0.231469415701679
1.6086265047121
-0.192962803036423
1.37507372646363
1.21805309398009
-0.443851846709779
0.368970480686506
0.324781757930658
-0.160218089893562
-0.511559775570202
-1.39354854887051
-0.738939430675907
0.309682533056327
0.0995081626342182
-0.102835692280361
0.10532402624624
-0.949529084353488
-0.770030828318573
0.33034475163107
-1.28019778303811
-2.35045013569782
0.240582868801701
0.575239687028918
-0.494598360962513
-0.552986684279976
-1.01031983760666
0.0413761770079732
-0.282214155552077
-2.78930905707614
-1.49011033540131
-0.217360635156445
-0.418866036422023
0.366795475765502
0.0104222374551102
-0.0232811656423291
0.330988086914172
-0.682695178632948
0.438018684479417
0.433190114997882
-0.959172116107853
1.43352484420572
-1.31501030587359
2.38035581488179
