-0.584699475711537
-0.872289873600141
-0.299345034546845
-0.059061695150594
-2.39774959529645
-0.97682013477982
0.652256064420685
-0.70197706562559
-0.397586858317995
-0.242499930897029
0.378016967036769
0.149931488628467
-0.682466571304233
-0.394105983615902
-1.16532938259902
0.610283256326934
-0.103684043327199
0.456533084603275
-1.00265357946169
0.248650610097056
0.362534023990172
0.456167054575014
-0.75349806936155
-0.664015327656649
0.1699421082949
0.880903502405111
0.964937672934
-1.36072048864361
0.0774704108841113
1.96867226109312
0.506507499146512
-0.213709913293696
-0.297829813229772
1.7988842138084
1.61068287287405
0.0178550719366665
0.00207142322420673
-1.27738992743073
0.465278687405064
0.416592543905877
0.536815637972586
-1.46805021305012
0.714431201906144
-0.418642469643914
2.2323366802802
0.415300524288463
