0.951364290877881
1.25277967297136
-0.238896214747288
-0.303309798381901
-1.16189835600643
4.22389078406798
3.9570056022876
0.851688064565737
2.07967786727458
1.29464989518498
0.304604652479573
-0.509925670693594
-0.133025236489729
3.47796628530043
1.1834488779695
-0.0898991662961893
0.326317971025742
-1.04708399881939
-2.49932695971771
-0.525106475933039
-0.458323032342979
0.140916391807104
2.64843259269764
-0.929913951749873
-0.0493479639055897
0.989584747231372
-0.298381967841825
-3.46793711812605
-1.27767608630363
0.276472316485118
-0.663131206605179
1.59795895432958
-0.881510189912054
0.0534855604886476
-0.0542154347310846
-1.04030555767953
0.879592074490894
1.77875656018907
-0.555710675453633
3.35813999448816
-0.597476868004295
-2.1649230949883
-3.497063644229
-1.16213853688079
-1.37428373488331
5.45136429087788
