1.82756338889131
-0.715206374281648
-0.811261368129058
-0.268776889317099
-1.28014524736448
-1.6086322207044
0.804240036198981
-1.35939755936125
-0.872629730437244
1.16261069041798
0.095355062557084
0.156388245130139
-0.410336551913217
0.414427687839804
-0.596322576793061
0.379576398702141
0.588146538281881
-0.326600150822941
0.537065256171425
-0.425416924024661
-1.49224001401674
0.743830852556895
-0.866169853073624
-0.609601187337935
0.98454404761295
0.0410002235048451
-1.46939093199065
-0.466060140154352
-0.374820210679816
0.722926597447566
1.39807255701072
-0.291546146288303
-0.508642061384694
0.527707259416444
0.386354217951351
-1.20033951252715
0.796440939557013
-0.218893546713001
0.314166785364117
-0.392273515645542
0.429138260394865
0.0797376681956172
-0.370539961555293
0.472944937168129
0.0430483727450708
1.82756338889131
