-0.52141400287925
0.174254101549394
-0.329368840590757
-0.451735231537249
1.81659981832681
0.767696571661018
0.294000035521574
0.00902997167270159
0.394164176841343
-0.364755825309435
-0.295663179268904
1.436044437781
0.445180561600803
0.244067164717273
1.26433492464215
0.412523989990598
0.29399131391849
-0.545149279779358
-1.82668770981333
0.260856618760553
0.038879579184055
0.297910932357382
0.259027819968307
0.200682988018116
-0.315774204356491
0.338429662789418
-1.62265285506037
-0.340821246542419
0.10996041219214
-0.632350968957111
-0.549138410505437
-1.19665462602705
0.512086290638934
-0.524557020293808
-0.442758200430664
-1.63710336044296
0.375336843717535
-0.0303450494680297
-0.404948923226888
0.424289032548801
1.27667958651515
0.0915437953507267
-0.418822214900899
0.491359359115064
0.322280673227404
3.47858599712075
