0.898947226767869
-0.5872152762428
0.785001180500258
0.382486867896508
0.0976657940063932
0.649676781683078
1.54123209535202
0.981733303974258
-0.489719615313094
-0.0381444865083995
0.724751838820405
0.0248499615233624
-0.37666504195736
0.978802437418514
-0.176966194145831
0.709199748797901
0.381106283693158
-0.886137164144841
0.412639448844194
0.177623987047758
-0.407170310806097
0.452182937391188
0.358383022182799
0.0404338389823371
0.556613176854613
0.0310890241670837
-0.48768601309866
0.2436635884194
-0.409361459039786
0.135528190357391
0.403786311346938
-0.0154397613440825
-0.169930973169362
-0.220881712958627
-0.348538798675192
-0.0168949519362743
-0.607881701368783
-1.09008029712833
-1.00714657618997
-0.540791589320075
0.254327697099339
-0.563062602916296
-0.00746862124999459
-0.383887567037664
-0.195304214113999
2.39894722676787
