1.79757163897044
1.23821729409425
0.411624020390037
-0.369537292453245
-0.569095357586209
-1.80894841640673
-1.66347677314816
-0.227667917137811
0.181689487389144
0.198567405435521
0.252232776839394
-0.0281216774732441
-0.466525299459009
-0.0644808907827739
-0.256765783185496
-0.196803789910303
0.563293917366906
-0.0456539890941484
-0.523897948918817
-0.335481583297011
-1.30821675425778
0.800434095692092
0.512785586767265
-0.789907520073423
-0.811489098151908
-0.274312489095289
-1.29893001904661
0.365148526087938
-0.230292587415451
-0.112657937972181
-0.165832183401022
-0.641538039847062
-0.394938878200454
-0.221589390524472
-0.0587905224220783
-0.133590890156846
1.63731646707157
-2.40623158607922
-1.96601720641647
-1.72340202085832
0.0486387757345284
0.959421997870981
0.191201760056988
-0.13564009132592
-0.250736128888436
2.79757163897044
