-0.126169847383243
1.27027978155309
-0.700033509498478
-0.594853474104243
-0.0754412040465703
-0.707772187286882
-0.0772830818673982
1.2971414396526
-0.789723489801271
0.445976970692154
-0.43181316504805
0.485787698526768
0.64897580800996
0.133083657190708
0.309631110778838
-0.0661190424888018
0.515888383852266
0.755934162883057
0.589990270133126
-0.139004050818739
-0.382686958360806
0.305827875065537
-0.339038852760121
1.25381727272357
-0.104972899008995
-0.186217184498076
-0.844244555031995
-0.409636358455585
-0.0929631486502304
0.238707991195241
-0.425302444689582
-0.781638231026772
-0.407499680252513
-0.388260865531983
-0.120342149222429
0.58868987000952
-0.767046087080169
0.256558049123994
-0.620522341979911
0.261332493862758
-0.713792796346262
-0.204834746059419
-0.575007014477163
-0.202681818605718
0.472356741769405
2.37383015261676
