-0.44837917850743
0.528940855538911
-0.775232803670332
-1.09756864565311
-1.2373645437124
-0.302052268433409
-0.865852729122086
0.587393995880798
0.47726902737155
0.409317764644193
-0.0962287618761085
-0.486947293852897
-0.263513110467937
-0.351380090160007
0.488080254517533
0.316887518305745
0.510936113312345
-0.324581313563782
-0.174093787406615
-1.04006412976424
-0.6038546802494
0.233738199218054
0.118799079730548
-0.647239163353685
-0.0325963772053813
0.491968831043676
0.735717707190531
-0.789939230675781
0.48619178775055
0.144154473507849
-0.635152351406939
1.48798750899173
-0.380541386027141
-0.184163259660901
0.350483505917007
0.285610606328403
-1.25147756224101
-0.215347400268236
0.0584399181224592
-0.301509302017051
0.341301517487178
0.108224858114601
0.189364138613159
-0.519057258273967
-1.16488441879157
1.55162082149257
