0.162370398949073
1.2353928120506
0.797225535752822
1.21525266567024
-0.487253069871689
-4.99914803216194
-2.11780077969553
-2.04334368884719
3.73783333890039
1.69536994942248
0.0998309820889639
-0.86124963283597
-0.165130627884125
2.26542291942305
-0.135007207810416
-0.904191197782844
0.581867988492301
-0.827525451233389
-0.241153515521974
-1.51870361460312
-0.795249958660104
0.0817899853371968
0.515719386057798
-1.25901711092285
-0.257599924345314
0.417639611716214
0.207434283200388
-0.00511555699869781
-1.0819507099604
-0.407636179080064
-0.48253269329785
0.39283426170835
-0.588188204256905
0.499814580660227
0.00696162763375863
-0.610566650335941
-1.22326307637769
0.841981136166482
0.285541599516543
-0.663040446891934
0.0110634274366608
-0.412485627183917
-0.168829340799167
0.0734459420542447
-0.00748243113396807
3.66237039894907
